# Camera list with one line of data per camera:
#   CAMERA_ID, MODEL, WIDTH, HEIGHT, PARAMS[]
# Number of cameras: 22
1 SIMPLE_RADIAL 3840 2160 3000.5814519931596 1920 1080 0.062338512558919541
2 SIMPLE_RADIAL 3840 2160 3023.8448086194098 1920 1080 0.05276425252711435
3 SIMPLE_RADIAL 3840 2160 2996.2302859199376 1920 1080 0.056849535375962976
4 SIMPLE_RADIAL 3840 2160 3002.1286782595362 1920 1080 0.055237617322173103
5 SIMPLE_RADIAL 3840 2160 3010.3466805774151 1920 1080 0.046984115731069483
6 SIMPLE_RADIAL 3840 2160 3009.1517133626712 1920 1080 0.045786507569791669
7 SIMPLE_RADIAL 3840 2160 3467.6463859952996 1920 1080 0.049542459090450679
8 SIMPLE_RADIAL 3840 2160 3057.7086417202427 1920 1080 0.023990236382037632
9 SIMPLE_RADIAL 3840 2160 3048.9730966930201 1920 1080 0.034765344598986128
10 SIMPLE_RADIAL 3840 2160 3043.4742087997533 1920 1080 0.049290292184099069
11 SIMPLE_RADIAL 3840 2160 3060.9369477733853 1920 1080 0.091944790052123263
12 SIMPLE_RADIAL 3840 2160 2856.5104531996772 1920 1080 0.075817701898894543
13 SIMPLE_RADIAL 3840 2160 3044.4251284866846 1920 1080 0.070556917908520561
14 SIMPLE_RADIAL 3840 2160 3034.6659541316503 1920 1080 0.077319744360777626
15 SIMPLE_RADIAL 3840 2160 7325.9446804273002 1920 1080 0.15971233174965782
16 SIMPLE_RADIAL 3840 2160 7455.5375329763838 1920 1080 0.1500110799373118
17 SIMPLE_RADIAL 3840 2160 7412.2820580898961 1920 1080 0.17810617206751636
18 SIMPLE_RADIAL 3840 2160 7476.317601551842 1920 1080 0.14355149669697112
19 SIMPLE_RADIAL 3840 2160 3031.7132968253809 1920 1080 0.034107098150518086
20 SIMPLE_RADIAL 3840 2160 3025.199944060852 1920 1080 0.074178544385516451
21 SIMPLE_RADIAL 3840 2160 3066.5810706941561 1920 1080 0.045754543494857448
22 SIMPLE_RADIAL 3840 2160 3022.4541858566572 1920 1080 0.079346121075205805
