# Frame list with one line of data per frame:
#   FRAME_ID, RIG_ID, RIG_FROM_WORLD[QW, QX, QY, QZ, TX, TY, TZ], NUM_DATA_IDS, DATA_IDS[] as (SENSOR_TYPE, SENSOR_ID, DATA_ID)
# Number of frames: 22
1 1 0.53917802140041626 -0.01986573085770086 -0.83434097216623115 -0.11299361106243906 4.1669501779975047 -0.61919661664422754 4.5989382519944213 1 CAMERA 1 1
2 2 0.58566003080382978 -0.034128558345850393 -0.80254499889589737 -0.10843935895824534 3.9594187645828285 -0.64055142748127603 4.0665038083161011 1 CAMERA 2 2
3 3 0.64898529058252674 -0.033371457870928073 -0.75393896529056792 -0.096335222134326493 3.9378784629174732 -0.51798970843147374 3.3494577260826617 1 CAMERA 3 3
4 4 0.68356483425908565 -0.0081696215747562879 -0.72441277329166665 -0.088873553656588278 3.6150982487588257 -0.40479089667472229 3.1381555318180685 1 CAMERA 4 4
5 5 0.73045791554333828 -0.022986561782087675 -0.67830098827213026 -0.076227428833530744 3.348905326157062 -0.31593097430110068 2.6822631664658418 1 CAMERA 5 5
6 6 0.78047634235190744 -0.017482372507372199 -0.61966803449047925 -0.081009707512175011 3.0290299530233153 -0.36298080798722537 2.2915109336137429 1 CAMERA 6 6
7 7 0.858896852589625 -0.039630991951765039 -0.50655839611713993 -0.064219719804637074 1.9427319698385301 -0.26383310734432092 1.7699359628824933 1 CAMERA 7 7
8 8 0.92616557465197391 -0.033794083805085105 -0.37299867179215263 -0.044127985118787731 1.0746831152829788 -0.20408353059009682 0.95366749659649319 1 CAMERA 8 8
9 9 0.96004453085849484 -0.023566057784461504 -0.27536224513390006 -0.043986061928865526 0.22191019556940278 -0.1891868208101071 0.85969048501644763 1 CAMERA 9 9
10 10 0.97878801470307386 -0.030705569524741936 -0.19839948463211848 -0.040851374168883091 -0.47050896659729391 -0.14923843277488089 1.0576607292547178 1 CAMERA 10 10
11 11 0.9118838698106847 -0.022642887570577992 0.40511252283305826 0.061959272634459585 -3.6038470099593192 -0.62225565158935714 4.8304514730275745 1 CAMERA 11 11
12 12 0.93501782969281533 -0.0033014178645972927 0.35259276603167639 0.037537982614310683 -3.3960438542230849 -0.50978936396984709 4.3448666485753629 1 CAMERA 12 12
13 13 0.96350216902041541 -0.018234000483382733 0.26384224152439906 0.041453143508154162 -3.4807150701622347 -0.48544913471048046 3.4281057279218849 1 CAMERA 13 13
14 14 0.97938584518601879 -0.0028795962228702217 0.20167731108724699 0.011015278819839148 -3.2422506776825442 -0.3363483460861223 3.0798698769852741 1 CAMERA 14 14
15 15 0.99316081278294488 0.0053501963960063239 -0.11077269646089544 -0.036501850221968737 -0.63423374856904513 0.069179521497690299 1.8527153012450974 1 CAMERA 15 15
16 16 0.97955956945899592 -0.019254624362168089 -0.19639744272361728 -0.03899171467891565 -0.14221373403861826 -0.42402049206806375 1.5342044552932745 1 CAMERA 16 16
17 17 0.89873583599845885 -0.033295996745869874 -0.43023737498361853 -0.077852905276910966 0.043834269669072765 0.20956749865359905 1.6985702174258548 1 CAMERA 17 17
18 18 0.85401636981696061 -0.04679323013538448 -0.51386310540666436 -0.066416433207277789 0.40248571878024164 0.29122451939157146 1.7348111091396021 1 CAMERA 18 18
19 19 0.99787839701891612 -0.0093856178709768503 -0.057295293020546666 -0.029459537298270024 -1.6101153400104693 -0.17692824948458147 1.7921295254911729 1 CAMERA 19 19
20 20 0.99781396157242819 -0.014382766939678321 0.064090108506645302 -0.0072726953670636451 -2.4694676255684014 -0.22716964581124532 2.4619982391917867 1 CAMERA 20 20
21 21 0.99993902369716636 -0.0089373406110084142 0.0034705998167720202 -0.0054797597823589899 -2.1055111451747237 -0.24604983156097918 1.8667572068531837 1 CAMERA 21 21
22 22 0.99179697281837886 -0.02265540453184034 0.12480879881750913 0.015756303231703177 -2.8622551661470763 -0.35167347026452367 2.713380124797276 1 CAMERA 22 22
