# Camera list with one line of data per camera:
#   CAMERA_ID, MODEL, WIDTH, HEIGHT, PARAMS[]
# Number of cameras: 23
1 SIMPLE_RADIAL 3840 2160 3048.412202052305 1920 1080 0.0067730289593176483
2 SIMPLE_RADIAL 3840 2160 3041.0090647447942 1920 1080 0.010277513628703041
3 SIMPLE_RADIAL 3840 2160 3039.5029067119658 1920 1080 0.02739637598745109
4 SIMPLE_RADIAL 3840 2160 3032.1304644126772 1920 1080 0.018612094896100453
5 SIMPLE_RADIAL 3840 2160 3023.5667687658561 1920 1080 0.022826772177306578
6 SIMPLE_RADIAL 3840 2160 3037.2992252369313 1920 1080 0.042043093090707098
7 SIMPLE_RADIAL 3840 2160 3058.7760560102724 1920 1080 0.052554935665446868
8 SIMPLE_RADIAL 3840 2160 3447.512186800795 1920 1080 0.066652707394236052
9 SIMPLE_RADIAL 3840 2160 3025.8975939009251 1920 1080 0.04431342678590118
10 SIMPLE_RADIAL 3840 2160 3025.2389472125906 1920 1080 0.053403764720284602
11 SIMPLE_RADIAL 3840 2160 3025.8796905018189 1920 1080 0.06023168237819003
12 SIMPLE_RADIAL 3840 2160 3047.2040931861293 1920 1080 0.016862299296142743
13 SIMPLE_RADIAL 3840 2160 2855.9793525127002 1920 1080 0.020610187258113307
14 SIMPLE_RADIAL 3840 2160 3045.4314349778688 1920 1080 0.019351436057695837
15 SIMPLE_RADIAL 3840 2160 3044.9400844221877 1920 1080 0.028633917267853241
16 SIMPLE_RADIAL 3840 2160 7413.8676017377893 1920 1080 0.22468407864340162
17 SIMPLE_RADIAL 3840 2160 7413.5312910278781 1920 1080 0.18181168375931006
18 SIMPLE_RADIAL 3840 2160 7388.0977998845492 1920 1080 0.16763164016715854
19 SIMPLE_RADIAL 3840 2160 7419.0293774254978 1920 1080 0.1933144275565277
20 SIMPLE_RADIAL 3840 2160 3046.7871236973233 1920 1080 0.028765702919821147
21 SIMPLE_RADIAL 3840 2160 3029.7241918428058 1920 1080 0.028785740754201802
22 SIMPLE_RADIAL 3840 2160 3065.1775440062074 1920 1080 0.026102961124372208
23 SIMPLE_RADIAL 3840 2160 3029.3457683117676 1920 1080 0.032509865289138962
